22395
22733
22793
20692
12553
20802
10099
21172
22393
4576
21322
21587
12904
21914
22089
21091
21062
22283
22087
4665
20922
21052
3286
14142
22213
22677
13318
21482
22663
11618
21273
21085
21082
21412
14192
22094
14221
0
13838
21593
22124
22184
22373
22374
21353
14211
520
21595
21964
14048
21585
22103
21973
21513
14264
21926
22595
9852
11980
14068
22363
21986
21655
20774
14113
22273
21639
22483
22014
22674
22673
22085
21638
22412
20942
21255
14373
22091
21614
22065
8670
21613
21625
21074
21883
4470
22803
21223
21647
21640
21624
21072
20702
22407
10951
20932
21813
4194
22383
21162
22323
21903
22188
5040
21704
21073
